-inf    -inf    -inf    -inf    -inf    0.0    -inf    
-inf    -inf    -inf    0.0    -275.71313458601776    -inf    -inf    
-inf    -47.05445342294511    -880.0569279954934    -0.04082199452025551    -192.98962311394055    -inf    -inf    
-inf    -47.09527541746536    -847.5899726486227    -0.08164398904051103    -193.0304451084608    -inf    -inf    
-inf    -47.13609741198562    -847.630794643143    -0.12246598356076654    -193.07126710298107    -inf    -inf    
-inf    -47.176919406505874    -847.6716166376632    -0.16328797808102205    -193.11208909750133    -inf    -inf    
-inf    -47.21774140102613    -847.7124386321835    -0.20410997260127756    -193.15291109202158    -inf    -inf    
-inf    -47.25856339554638    -847.7532606267038    -0.24493196712153306    -193.19373308654184    -inf    -inf    
-inf    -47.29938539006664    -847.794082621224    -0.28575396164178857    -193.2345550810621    -inf    -inf    
-inf    -47.3402073845869    -847.8349046157443    -0.3265759561620441    -193.27537707558236    -inf    -inf    
-inf    -47.381029379107154    -847.8757266102646    -0.36739795068229963    -193.31619907010258    -inf    -inf    
-inf    -47.421851373627405    -847.9165486047848    -0.40821994520255517    -193.35702106462284    -inf    -inf    
-inf    -47.46267336814766    -847.957370599305    -0.4490419397228107    -193.3978430591431    -inf    -inf    
-inf    -47.50349536266792    -847.9981925938253    -0.48986393424306623    -193.43866505366336    -inf    -inf    
-inf    -47.54431735718817    -848.0390145883455    -0.5306859287633218    -193.4794870481836    -inf    -inf    
-inf    -47.58513935170843    -848.0798365828658    -0.5715079232835772    -193.52030904270387    -inf    -inf    
-inf    -47.625961346228685    -848.120658577386    -0.6123299178038327    -193.56113103722413    -inf    -inf    
-inf    -47.66678334074894    -848.1614805719063    -0.6531519123240882    -193.6019530317444    -inf    -inf    
-inf    -47.70760533526919    -848.2023025664266    -0.6939739068443437    -193.64277502626464    -inf    -inf    
-inf    -47.74842732978945    -848.2431245609469    -0.7347959013645992    -193.6835970207849    -inf    -inf    
-inf    -47.78924932430971    -848.2839465554671    -0.7756178958848546    -193.72441901530516    -inf    -inf    
-inf    -47.830071318829965    -848.3247685499873    -0.8164398904051101    -193.76524100982542    -inf    -inf    
-inf    -47.870893313350216    -848.3655905445075    -0.8572618849253656    -193.80606300434567    -inf    -inf    
-inf    -47.91171530787047    -848.4064125390279    -0.8980838794456211    -193.84688499886593    -inf    -inf    
-inf    -47.95253730239073    -848.4472345335481    -0.9389058739658765    -193.88770699338616    -inf    -inf    
-inf    -47.99335929691098    -848.4880565280683    -0.979727868486132    -193.92852898790642    -inf    -inf    
-80.07816297093541    -568.9734093736773    -355.12183853828105    -180.26545148978386    -194.3311730374749    -inf    -inf    
-109.01308369157852    -748.2591329949751    -82.78621317203789    -359.5511750570096    -228.47943744322643    -inf    -inf    
-137.94800441222162    -927.5448565622007    -82.8219312546397    -410.4323892711061    -120.21538879357689    -inf    -inf    
-166.88292513286473    -978.4260707762973    -82.85764933724178    -302.16834062145654    -120.2511068761787    -inf    -inf    
-195.81784585350783    -870.1620221266477    -82.89336741984387    -302.20405870405835    -120.28682495878078    -inf    -inf    
-224.75276657415094    -870.1977402092496    -82.92908550244596    -302.2397767866604    -120.32254304138287    -inf    -inf    
-253.68768729479405    -870.2334582918515    -82.96480358504805    -302.2754948692625    -120.35826112398496    -inf    -inf    
-282.60420674450774    -870.2691763744537    -83.00052166765013    -302.3112129518646    -120.39397920658705    -inf    -inf    
-286.6444468984836    -870.3048944570558    -83.03623975025222    -302.3469310344667    -120.42969728918914    -inf    -inf    
-286.6801649811008    -870.3406125396579    -83.07195783285431    -302.3826491170688    -120.46541537179122    -inf    -inf    
-286.7158830637029    -870.37633062226    -83.1076759154564    -302.41836719967085    -120.50113345439331    -inf    -inf    
-286.75160114630495    -870.412048704862    -83.14339399805849    -302.45408528227296    -120.5368515369954    -inf    -inf    
-286.78731922890705    -870.4477667874642    -83.17911208066057    -302.48980336487506    -120.57256961959749    -inf    -inf    
-286.82303731150915    -870.4834848700661    -83.21483016326266    -302.5255214474771    -120.60828770219958    -inf    -inf    
-286.8587553941112    -870.5192029526683    -83.25054824586475    -302.5612395300792    -120.64400578480166    -inf    -inf    
-286.8944734767133    -870.5549210352704    -83.28626632846684    -302.5969576126813    -120.67972386740375    -inf    -inf    
-286.9301915593154    -870.5906391178725    -83.32198441106893    -302.6326756952834    -120.71544195000584    -inf    -inf    
-286.9659096419175    -870.6263572004746    -83.35770249367101    -302.6683937778855    -120.75116003260793    -inf    -inf    
-287.0016277245196    -870.6620752830767    -83.3934205762731    -302.70411186048756    -120.78687811521002    -inf    -inf    
-287.03734580712165    -870.6977933656788    -83.42913865887519    -302.73982994308966    -120.8225961978121    -inf    -inf    
-287.07306388972376    -870.7335114482808    -83.46485674147728    -302.77554802569176    -120.85831428041419    -inf    -inf    
-287.10878197232586    -870.769229530883    -83.50057482407937    -302.8112661082938    -120.89403236301628    -inf    -inf    
-287.1445000549279    -870.804947613485    -83.53629290668145    -302.8469841908959    -120.92975044561837    -inf    -inf    
-287.18021813753    -870.8406656960871    -83.57201098928354    -302.882702273498    -120.96546852822046    -inf    -inf    
-287.2159362201321    -870.8763837786892    -83.60772907188563    -302.9184203561001    -121.00118661082254    -inf    -inf    
-287.2516543027342    -870.9121018612913    -83.64344715448772    -302.9541384387022    -121.03690469342463    -inf    -inf    
-287.2873723853363    -870.9478199438934    -83.6791652370898    -302.98985652130426    -121.07262277602672    -inf    -inf    
-287.32309046793836    -870.9835380264954    -83.71488331969189    -303.02557460390636    -121.10834085862881    -inf    -inf    
-287.35880855054046    -871.0192561090976    -83.75060140229398    -303.06129268650847    -121.1440589412309    -inf    -inf    
-287.39452663314256    -871.0549741916996    -83.78631948489607    -303.0970107691105    -121.17977702383298    -inf    -inf    
-287.4302447157446    -871.0906922743017    -83.82203756749816    -303.1327288517126    -121.21549510643507    -inf    -inf    
-287.4659627983467    -871.1264103569038    -83.85775565010024    -303.1684469343147    -121.25121318903716    -inf    -inf    
-287.5016808809488    -871.1621284395059    -83.89347373270233    -303.2041650169168    -121.28693127163925    -inf    -inf    
-287.5373989635509    -871.197846522108    -83.92919181530442    -303.2398830995189    -121.32264935424134    -inf    -inf    
-287.573117046153    -871.2335646047101    -83.96490989790651    -303.27560118212097    -121.35836743684342    -inf    -inf    
-287.60883512875506    -871.2692826873122    -84.0006279805086    -303.31131926472307    -121.39408551944551    -inf    -inf    
-287.64455321135716    -871.3050007699142    -84.03634606311068    -303.34703734732517    -121.4298036020476    -inf    -inf    
-287.68027129395927    -871.3407188525164    -84.07206414571277    -303.3827554299272    -121.46552168464969    -inf    -inf    
-287.7159893765613    -871.3764369351184    -84.10778222831486    -303.4184735125293    -121.50123976725177    -inf    -inf    
-287.7517074591634    -871.4121550177205    -84.14350031091695    -303.4541915951314    -121.53695784985386    -inf    -inf    
-287.7874255417655    -871.4478731003226    -84.17921839351904    -303.4899096777335    -121.57267593245595    -inf    -inf    
-287.8231436243676    -871.4835911829247    -84.21493647612112    -303.5256277603356    -121.60839401505804    -inf    -inf    
-287.8588617069697    -871.5193092655268    -84.25065455872321    -303.56134584293767    -121.64411209766013    -inf    -inf    
-287.89457978957176    -871.5550273481288    -84.2863726413253    -303.59706392553977    -121.67983018026221    -inf    -inf    
-287.93029787217387    -871.590745430731    -84.32209072392739    -303.6327820081419    -121.7155482628643    -inf    -inf    
-inf    -inf    -132.98442468616264    -181.00373130226865    -87.67199481120183    -inf    -inf    
-inf    -inf    -181.64675864839788    -146.96017785060616    -87.74098768268878    -inf    -inf    
-inf    -inf    -230.30909261063312    -147.0291707220931    -87.80998055417574    -inf    -inf    
-inf    -inf    -278.97142656498477    -147.09816359358007    -87.87897342566269    -inf    -inf    
-inf    -inf    -297.6988988556704    -147.16715646506702    -87.94796629714965    -inf    -inf    
-inf    -inf    -297.76789172715746    -147.23614933655398    -88.0169591686366    -inf    -inf    
-inf    -inf    -297.8368845986444    -147.30514220804093    -88.08595204012356    -inf    -inf    
-inf    -inf    -297.9058774701314    -147.3741350795279    -88.15494491161051    -inf    -inf    
-inf    -inf    -297.9748703416183    -147.44312795101484    -88.22393778309747    -inf    -inf    
-inf    -inf    -298.0438632131053    -147.5121208225018    -88.29293065458442    -inf    -inf    
-inf    -inf    -298.11285608459224    -147.58111369398875    -88.36192352607138    -inf    -inf    
-inf    -inf    -298.1818489560792    -147.6501065654757    -88.43091639755833    -inf    -inf    
-inf    -inf    -298.25084182756615    -147.71909943696267    -88.49990926904529    -inf    -inf    
-inf    -inf    -298.3198346990531    -147.78809230844962    -88.56890214053224    -inf    -inf    
-inf    -inf    -298.38882757054006    -147.85708517993658    -88.6378950120192    -inf    -inf    
-inf    -194.91153860288168    -743.2382445467014    -91.34594521312137    -122.42433736272247    -inf    -inf    
-inf    -138.40039863606648    -777.0246868974046    -91.38676720764163    -156.21077971342575    -inf    -inf    
-inf    -138.44122063058674    -810.8111292481079    -91.42758920216188    -189.99722206412903    -inf    -inf    
-inf    -138.482042625107    -844.5975715988112    -91.46841119668214    -223.78366441483232    -inf    -inf    
-inf    -138.52286461962726    -878.3840139495145    -91.5092331912024    -257.57010676553347    -inf    -inf    
-inf    -138.5636866141475    -912.1704563002156    -91.55005518572266    -284.4978055206413    -inf    -inf    
-inf    -138.60450860866777    -939.0981550553234    -91.59087718024291    -284.5396782996632    -inf    -inf    
-inf    -138.64533060318803    -939.1400278343453    -91.63169917476317    -284.5805002941835    -inf    -inf    
-inf    -138.6861525977083    -939.1808498288657    -91.67252116928343    -284.6213222887037    -inf    -inf    
-inf    -138.72697459222854    -939.2216718233859    -91.71334316380369    -284.662144283224    -inf    -inf    
-inf    -138.7677965867488    -939.2624938179061    -91.75416515832394    -284.7029662777442    -inf    -inf    
-inf    -138.80861858126906    -939.3033158124264    -91.7949871528442    -284.7437882722645    -inf    -inf    
-inf    -138.84944057578932    -939.3441378069467    -91.83580914736446    -284.78461026678474    -inf    -inf    
-inf    -138.89026257030957    -939.384959801467    -91.87663114188472    -284.825432261305    -inf    -inf    
-inf    -138.93108456482983    -939.4257817959872    -91.91745313640497    -284.86625425582525    -inf    -inf    
-inf    -138.9719065593501    -939.4666037905074    -91.95827513092523    -284.90707625034554    -inf    -inf    
-inf    -139.01272855387035    -939.5074257850277    -91.99909712544549    -284.94789824486577    -inf    -inf    
-inf    -139.0535505483906    -939.548247779548    -92.03991911996575    -284.98872023938605    -inf    -inf    
-inf    -139.09437254291086    -939.5890697740682    -92.080741114486    -285.0295422339063    -inf    -inf    
-inf    -139.13519453743112    -939.6298917685884    -92.12156310900626    -285.07036422842657    -inf    -inf    
-inf    -139.17601653195138    -939.6707137631088    -92.16238510352652    -285.1111862229468    -inf    -inf    
-inf    -139.21683852647163    -939.711535757629    -92.20320709804678    -285.1520082174671    -inf    -inf    
-inf    -139.2576605209919    -939.7523577521492    -92.24402909256703    -285.1928302119873    -inf    -inf    
-inf    -139.29848251551215    -939.7931797466695    -92.28485108708729    -285.2336522065076    -inf    -inf    
-inf    -139.3393045100324    -939.8340017411898    -92.32567308160755    -285.27447420102783    -inf    -inf    
-171.42410818405682    -660.3193545867987    -446.4677837514025    -271.61139670290527    -285.6771182505963    -inf    -inf    
-200.35902890469993    -839.6050782080964    -174.1321583851593    -450.89712027013104    -319.82538265634787    -inf    -inf    
-229.29394962534303    -1018.8908017753222    -174.1678764677611    -501.77833448422746    -211.5613340066983    -inf    -inf    
-258.22887034598614    -1069.7720159894186    -174.20359455036316    -393.51428583457795    -211.5970520893001    -inf    -inf    
-287.1637910666293    -961.507967339769    -174.23931263296524    -393.55000391717977    -211.63277017190217    -inf    -inf    
-316.09871178727246    -961.5436854223709    -174.2750307155673    -393.5857219997818    -211.66848825450424    -inf    -inf    
-345.0336325079156    -961.579403504973    -174.31074879816939    -393.62144008238386    -211.7042063371063    -inf    -inf    
-373.9501519576293    -961.615121587575    -174.34646688077146    -393.65715816498596    -211.7399244197084    -inf    -inf    
-377.99039211160493    -961.6508396701771    -174.38218496337353    -393.69287624758806    -211.77564250231046    -inf    -inf    
-378.0261101942221    -961.6865577527792    -174.4179030459756    -393.7285943301901    -211.81136058491253    -inf    -inf    
-378.06182827682414    -961.7222758353812    -174.45362112857768    -393.76431241279215    -211.8470786675146    -inf    -inf    
-378.09754635942625    -961.7579939179833    -174.48933921117975    -393.80003049539425    -211.88279675011668    -inf    -inf    
-378.13326444202835    -961.7937120005854    -174.52505729378183    -393.83574857799636    -211.91851483271876    -inf    -inf    
-378.1689825246304    -961.8294300831875    -174.5607753763839    -393.8714666605984    -211.95423291532083    -inf    -inf    
-378.20470060723244    -961.8651481657896    -174.59649345898598    -393.90718474320045    -211.9899509979229    -inf    -inf    
-378.24041868983454    -961.9008662483916    -174.63221154158805    -393.94290282580255    -212.02566908052498    -inf    -inf    
-378.27613677243664    -961.9365843309937    -174.66792962419012    -393.97862090840465    -212.06138716312705    -inf    -inf    
-378.3118548550387    -961.9723024135958    -174.7036477067922    -394.0143389910067    -212.09710524572913    -inf    -inf    
-378.34757293764073    -962.0080204961978    -174.73936578939427    -394.05005707360874    -212.1328233283312    -inf    -inf    
-378.38329102024284    -962.0437385787999    -174.77508387199634    -394.08577515621084    -212.16854141093327    -inf    -inf    
-378.41900910284494    -962.079456661402    -174.81080195459842    -394.12149323881295    -212.20425949353535    -inf    -inf    
-378.454727185447    -962.1151747440041    -174.8465200372005    -394.157211321415    -212.23997757613742    -inf    -inf    
-378.49044526804903    -962.1508928266062    -174.88223811980257    -394.19292940401704    -212.2756956587395    -inf    -inf    
-378.52616335065113    -962.1866109092082    -174.91795620240464    -394.22864748661914    -212.31141374134157    -inf    -inf    
-378.56188143325323    -962.2223289918103    -174.9536742850067    -394.26436556922124    -212.34713182394364    -inf    -inf    
-378.5975995158553    -962.2580470744124    -174.9893923676088    -394.3000836518233    -212.38284990654572    -inf    -inf    
-378.6333175984573    -962.2937651570144    -175.02511045021086    -394.33580173442533    -212.4185679891478    -inf    -inf    
-378.6690356810594    -962.3294832396165    -175.06082853281293    -394.37151981702743    -212.45428607174986    -inf    -inf    
-378.70475376366153    -962.3652013222186    -175.096546615415    -394.40723789962954    -212.49000415435194    -inf    -inf    
-378.7404718462636    -962.4009194048207    -175.13226469801708    -394.4429559822316    -212.525722236954    -inf    -inf    
-378.7761899288656    -962.4366374874228    -175.16798278061916    -394.4786740648336    -212.56144031955608    -inf    -inf    
-378.8119080114677    -962.4723555700248    -175.20370086322123    -394.51439214743573    -212.59715840215816    -inf    -inf    
-378.8476260940698    -962.5080736526269    -175.2394189458233    -394.55011023003783    -212.63287648476023    -inf    -inf    
-378.88334417667187    -962.543791735229    -175.27513702842538    -394.5858283126399    -212.6685945673623    -inf    -inf    
-378.9190622592739    -962.579509817831    -175.31085511102745    -394.6215463952419    -212.70431264996438    -inf    -inf    
-378.954780341876    -962.6152279004331    -175.34657319362952    -394.657264477844    -212.74003073256645    -inf    -inf    
-378.9904984244781    -962.6509459830352    -175.3822912762316    -394.6929825604461    -212.77574881516853    -inf    -inf    
-379.02621650708016    -962.6866640656373    -175.41800935883367    -394.72870064304817    -212.8114668977706    -inf    -inf    
-379.0619345896822    -962.7223821482394    -175.45372744143575    -394.7644187256502    -212.84718498037267    -inf    -inf    
-379.0976526722843    -962.7581002308414    -175.48944552403782    -394.8001368082523    -212.88290306297475    -inf    -inf    
-379.1333707548864    -962.7938183134435    -175.5251636066399    -394.8358548908544    -212.91862114557682    -inf    -inf    
-379.16908883748846    -962.8295363960456    -175.56088168924197    -394.87157297345647    -212.9543392281789    -inf    -inf    
-379.2048069200905    -962.8652544786476    -175.59659977184404    -394.9072910560585    -212.99005731078097    -inf    -inf    
-379.2405250026926    -962.9009725612497    -175.63231785444611    -394.9430091386606    -213.02577539338304    -inf    -inf    
-379.2762430852947    -962.9366906438518    -175.6680359370482    -394.9787272212627    -213.06149347598512    -inf    -inf    
-inf    -inf    -224.33036989928343    -272.34967651538943    -179.01794002432263    -inf    -inf    
-inf    -inf    -272.99270386151863    -238.30612306372697    -179.08693289580958    -inf    -inf    
-inf    -inf    -321.6550378237539    -238.37511593521393    -179.15592576729654    -inf    -inf    
-inf    -inf    -370.31737177810555    -238.44410880670088    -179.2249186387835    -inf    -inf    
-inf    -inf    -389.04484406879124    -238.51310167818784    -179.29391151027045    -inf    -inf    
-inf    -inf    -389.11383694027825    -238.5820945496748    -179.3629043817574    -inf    -inf    
-inf    -inf    -389.18282981176526    -238.65108742116175    -179.43189725324436    -inf    -inf    
-inf    -inf    -389.25182268325216    -238.7200802926487    -179.5008901247313    -inf    -inf    
-inf    -inf    -389.32081555473917    -238.78907316413566    -179.56988299621827    -inf    -inf    
-inf    -inf    -389.38980842622607    -238.8580660356226    -179.63887586770522    -inf    -inf    
-inf    -inf    -389.4588012977131    -238.92705890710957    -179.70786873919218    -inf    -inf    
-inf    -inf    -389.5277941692    -238.99605177859652    -179.77686161067913    -inf    -inf    
-inf    -inf    -389.596787040687    -239.06504465008348    -179.8458544821661    -inf    -inf    
-inf    -inf    -389.6657799121739    -239.13403752157043    -179.91484735365304    -inf    -inf    
-inf    -inf    -389.7347727836609    -239.2030303930574    -179.98384022514    -inf    -inf    
-inf    -286.2574838160025    -834.5841897598222    -182.69189042624217    -213.77028257584328    -inf    -inf    
-inf    -229.74634384918727    -868.3706321105254    -182.73271242076243    -247.55672492654656    -inf    -inf    
-inf    -229.78716584370753    -902.1570744612287    -182.77353441528268    -281.34316727724985    -inf    -inf    
-inf    -229.82798783822778    -935.943516811932    -182.81435640980294    -315.12960962795313    -inf    -inf    
-inf    -229.86880983274804    -969.7299591626353    -182.8551784043232    -348.9160519786543    -inf    -inf    
-inf    -229.9096318272683    -1003.5164015133365    -182.89600039884346    -375.8437507337621    -inf    -inf    
-inf    -229.95045382178856    -1030.4441002684443    -182.9368223933637    -375.885623512784    -inf    -inf    
-inf    -229.99127581630881    -1030.4859730474661    -182.97764438788397    -375.92644550730427    -inf    -inf    
-inf    -230.03209781082907    -1030.5267950419866    -183.01846638240423    -375.96726750182455    -inf    -inf    
-inf    -230.07291980534933    -1030.5676170365068    -183.05928837692448    -376.0080894963448    -inf    -inf    
-inf    -230.1137417998696    -1030.608439031027    -183.10011037144474    -376.048911490865    -inf    -inf    
-inf    -230.15456379438984    -1030.6492610255473    -183.140932365965    -376.0897334853853    -inf    -inf    
-inf    -230.1953857889101    -1030.6900830200675    -183.18175436048526    -376.1305554799056    -inf    -inf    
-inf    -230.23620778343036    -1030.7309050145877    -183.22257635500551    -376.1713774744258    -inf    -inf    
-inf    -230.27702977795062    -1030.771727009108    -183.26339834952577    -376.21219946894604    -inf    -inf    
-inf    -230.31785177247087    -1030.8125490036282    -183.30422034404603    -376.2530214634663    -inf    -inf    
-inf    -230.35867376699113    -1030.8533709981484    -183.3450423385663    -376.2938434579866    -inf    -inf    
-inf    -230.3994957615114    -1030.8941929926686    -183.38586433308654    -376.33466545250684    -inf    -inf    
-inf    -230.44031775603165    -1030.9350149871889    -183.4266863276068    -376.37548744702707    -inf    -inf    
-inf    -230.4811397505519    -1030.975836981709    -183.46750832212706    -376.41630944154736    -inf    -inf    
-inf    -230.52196174507216    -1031.0166589762296    -183.50833031664732    -376.45713143606764    -inf    -inf    
-inf    -230.56278373959242    -1031.0574809707498    -183.54915231116757    -376.49795343058787    -inf    -inf    
-inf    -230.60360573411268    -1031.09830296527    -183.58997430568783    -376.5387754251081    -inf    -inf    
-inf    -230.64442772863293    -1031.1391249597903    -183.6307963002081    -376.5795974196284    -inf    -inf    
-inf    -230.6852497231532    -1031.1799469543107    -183.67161829472835    -376.62041941414867    -inf    -inf    
-262.7700533971776    -751.6652997999195    -537.8137289645233    -362.95734191602605    -377.0230634637171    -inf    -inf    
-291.70497411782077    -930.9510234212172    -265.4781035982801    -542.2430654832518    -411.17132786946866    -inf    -inf    
-320.63989483846393    -1110.236746988443    -265.5138216808819    -593.1242796973482    -302.9072792198191    -inf    -inf    
-349.5748155591071    -1161.1179612025394    -265.549539763484    -484.8602310476987    -302.94299730242085    -inf    -inf    
-378.50973627975026    -1052.8539125528898    -265.5852578460861    -484.89594913030044    -302.97871538502295    -inf    -inf    
-407.4446570003934    -1052.8896306354916    -265.6209759286882    -484.93166721290254    -303.01443346762505    -inf    -inf    
-436.3795777210366    -1052.9253487180936    -265.6566940112903    -484.96738529550464    -303.05015155022716    -inf    -inf    
-465.2960971707503    -1052.9610668006958    -265.6924120938924    -485.00310337810674    -303.08586963282926    -inf    -inf    
-469.33633732472583    -1052.996784883298    -265.7281301764945    -485.03882146070885    -303.12158771543136    -inf    -inf    
-469.37205540734305    -1053.0325029659    -265.7638482590966    -485.07453954331095    -303.15730579803346    -inf    -inf    
-469.40777348994516    -1053.068221048502    -265.7995663416987    -485.11025762591305    -303.19302388063556    -inf    -inf    
-469.44349157254726    -1053.1039391311042    -265.8352844243008    -485.14597570851515    -303.22874196323767    -inf    -inf    
-469.47920965514936    -1053.1396572137064    -265.8710025069029    -485.18169379111725    -303.26446004583977    -inf    -inf    
-469.51492773775146    -1053.1753752963084    -265.906720589505    -485.21741187371936    -303.30017812844187    -inf    -inf    
-469.55064582035357    -1053.2110933789104    -265.94243867210713    -485.25312995632146    -303.335896211044    -inf    -inf    
-469.58636390295567    -1053.2468114615126    -265.97815675470923    -485.28884803892356    -303.3716142936461    -inf    -inf    
-469.62208198555777    -1053.2825295441148    -266.01387483731133    -485.32456612152566    -303.4073323762482    -inf    -inf    
-469.6578000681599    -1053.3182476267168    -266.04959291991344    -485.36028420412777    -303.4430504588503    -inf    -inf    
-469.693518150762    -1053.3539657093188    -266.08531100251554    -485.39600228672987    -303.4787685414524    -inf    -inf    
-469.7292362333641    -1053.389683791921    -266.12102908511764    -485.43172036933197    -303.5144866240545    -inf    -inf    
-469.7649543159662    -1053.4254018745232    -266.15674716771974    -485.4674384519341    -303.5502047066566    -inf    -inf    
-469.8006723985683    -1053.4611199571252    -266.19246525032185    -485.5031565345362    -303.5859227892587    -inf    -inf    
-469.8363904811704    -1053.4968380397272    -266.22818333292395    -485.5388746171383    -303.6216408718608    -inf    -inf    
-469.8721085637725    -1053.5325561223294    -266.26390141552605    -485.5745926997404    -303.6573589544629    -inf    -inf    
-469.9078266463746    -1053.5682742049316    -266.29961949812815    -485.6103107823425    -303.693077037065    -inf    -inf    
-469.9435447289767    -1053.6039922875336    -266.33533758073025    -485.6460288649446    -303.7287951196671    -inf    -inf    
-469.9792628115788    -1053.6397103701356    -266.37105566333236    -485.6817469475467    -303.7645132022692    -inf    -inf    
-470.0149808941809    -1053.6754284527378    -266.40677374593446    -485.7174650301488    -303.8002312848713    -inf    -inf    
-470.050698976783    -1053.71114653534    -266.44249182853656    -485.7531831127509    -303.8359493674734    -inf    -inf    
-470.0864170593851    -1053.746864617942    -266.47820991113866    -485.788901195353    -303.8716674500755    -inf    -inf    
-470.1221351419872    -1053.782582700544    -266.51392799374077    -485.8246192779551    -303.9073855326776    -inf    -inf    
-470.1578532245893    -1053.8183007831462    -266.54964607634287    -485.8603373605572    -303.9431036152797    -inf    -inf    
-470.1935713071914    -1053.8540188657485    -266.58536415894497    -485.8960554431593    -303.9788216978818    -inf    -inf    
-470.2292893897935    -1053.8897369483504    -266.6210822415471    -485.9317735257614    -304.0145397804839    -inf    -inf    
-470.2650074723956    -1053.9254550309524    -266.6568003241492    -485.9674916083635    -304.050257863086    -inf    -inf    
-470.3007255549977    -1053.9611731135547    -266.6925184067513    -486.0032096909656    -304.0859759456881    -inf    -inf    
-470.3364436375998    -1053.9968911961569    -266.7282364893534    -486.0389277735677    -304.1216940282902    -inf    -inf    
-470.3721617202019    -1054.0326092787589    -266.7639545719555    -486.0746458561698    -304.1574121108923    -inf    -inf    
-470.407879802804    -1054.0683273613608    -266.7996726545576    -486.1103639387719    -304.1931301934944    -inf    -inf    
-470.4435978854061    -1054.104045443963    -266.8353907371597    -486.146082021374    -304.2288482760965    -inf    -inf    
-470.4793159680082    -1054.1397635265653    -266.8711088197618    -486.1818001039761    -304.26456635869863    -inf    -inf    
-470.5150340506103    -1054.1754816091673    -266.9068269023639    -486.2175181865782    -304.30028444130073    -inf    -inf    
-470.5507521332124    -1054.2111996917693    -266.942544984966    -486.2532362691803    -304.33600252390283    -inf    -inf    
-470.58647021581453    -1054.2469177743715    -266.9782630675681    -486.2889543517824    -304.37172060650494    -inf    -inf    
-470.62218829841663    -1054.2826358569737    -267.0139811501702    -486.3246724343845    -304.40743868910704    -inf    -inf    
-inf    -inf    -315.67631511240546    -363.69562172851136    -270.3638852374446    -inf    -inf    
-inf    -inf    -364.3386490746407    -329.6520682768489    -270.43287810893156    -inf    -inf    
-inf    -inf    -413.000983036876    -329.7210611483359    -270.5018709804185    -inf    -inf    
-inf    -inf    -461.66331699122765    -329.79005401982283    -270.5708638519055    -inf    -inf    
-inf    -inf    -480.39078928191316    -329.8590468913098    -270.6398567233924    -inf    -inf    
-inf    -inf    -480.4597821534003    -329.92803976279674    -270.7088495948794    -inf    -inf    
-inf    -inf    -480.5287750248872    -329.9970326342837    -270.77784246636634    -inf    -inf    
-inf    -inf    -480.5977678963742    -330.06602550577065    -270.8468353378533    -inf    -inf    
-inf    -inf    -480.6667607678611    -330.1350183772576    -270.91582820934025    -inf    -inf    
-inf    -inf    -480.7357536393481    -330.20401124874456    -270.9848210808272    -inf    -inf    
-inf    -inf    -480.804746510835    -330.2730041202315    -271.05381395231416    -inf    -inf    
-inf    -inf    -480.873739382322    -330.3419969917185    -271.1228068238011    -inf    -inf    
-inf    -inf    -480.9427322538089    -330.41098986320543    -271.19179969528807    -inf    -inf    
-inf    -inf    -481.0117251252959    -330.4799827346924    -271.260792566775    -inf    -inf    
-inf    -inf    -481.0807179967828    -330.54897560617934    -271.329785438262    -inf    -inf    
-inf    -377.6034290291244    -925.9301349729442    -274.0378356393641    -305.11622778896526    -inf    -inf    
-inf    -321.0922890623092    -959.7165773236475    -274.07865763388435    -338.90267013966854    -inf    -inf    
-inf    -321.1331110568294    -993.5030196743508    -274.1194796284046    -372.6891124903718    -inf    -inf    
-inf    -321.17393305134965    -1027.289462025054    -274.1603016229248    -406.4755548410751    -inf    -inf    
-inf    -321.2147550458699    -1061.0759043757573    -274.20112361744503    -440.2619971917763    -inf    -inf    
-inf    -321.2555770403901    -1094.8623467264583    -274.24194561196526    -467.1896959468839    -inf    -inf    
-inf    -321.29639903491034    -1121.790045481566    -274.2827676064855    -467.2315687259058    -inf    -inf    
-inf    -321.33722102943057    -1121.8319182605878    -274.3235896010057    -467.272390720426    -inf    -inf    
-inf    -321.3780430239508    -1121.872740255108    -274.36441159552595    -467.31321271494625    -inf    -inf    
-inf    -321.418865018471    -1121.9135622496283    -274.4052335900462    -467.3540347094665    -inf    -inf    
-inf    -321.45968701299125    -1121.9543842441485    -274.4460555845664    -467.3948567039867    -inf    -inf    
-inf    -321.5005090075115    -1121.9952062386687    -274.48687757908664    -467.43567869850693    -inf    -inf    
-inf    -321.5413310020317    -1122.036028233189    -274.52769957360687    -467.47650069302716    -inf    -inf    
-inf    -321.58215299655194    -1122.0768502277092    -274.5685215681271    -467.5173226875474    -inf    -inf    
-inf    -321.62297499107217    -1122.1176722222294    -274.6093435626473    -467.5581446820676    -inf    -inf    
-inf    -321.6637969855924    -1122.1584942167497    -274.65016555716755    -467.59896667658785    -inf    -inf    
-inf    -321.7046189801126    -1122.19931621127    -274.6909875516878    -467.6397886711081    -inf    -inf    
-inf    -321.74544097463286    -1122.2401382057901    -274.731809546208    -467.6806106656283    -inf    -inf    
-inf    -321.7862629691531    -1122.2809602003103    -274.77263154072824    -467.72143266014854    -inf    -inf    
-inf    -321.8270849636733    -1122.3217821948306    -274.81345353524847    -467.76225465466877    -inf    -inf    
-inf    -321.86790695819354    -1122.3626041893508    -274.8542755297687    -467.803076649189    -inf    -inf    
-inf    -321.9087289527138    -1122.403426183871    -274.89509752428893    -467.8438986437092    -inf    -inf    
-inf    -321.949550947234    -1122.4442481783913    -274.93591951880916    -467.88472063822945    -inf    -inf    
-inf    -321.99037294175423    -1122.4850701729115    -274.9767415133294    -467.9255426327497    -inf    -inf    
-inf    -322.03119493627446    -1122.5258921674317    -275.0175635078496    -467.9663646272699    -inf    -inf    
-354.1159986102989    -843.0112450130407    -629.1596741776445    -454.3032871291473    -468.36900867683835    -inf    -inf    
-383.05091933094207    -1022.2969686343384    -356.8240488114014    -633.5890106963731    -502.5172730825899    -inf    -inf    
-411.9858400515852    -1201.5826922015642    -356.8597668940032    -684.4702249104695    -394.2532244329403    -inf    -inf    
-440.9207607722284    -1252.4639064156606    -356.8954849766053    -576.2061762608199    -394.2889425155422    -inf    -inf    
-469.85568149287155    -1144.199857766011    -356.9312030592074    -576.2418943434218    -394.3246605981443    -inf    -inf    
-498.7906022135147    -1144.2355758486128    -356.9669211418095    -576.2776124260239    -394.3603786807464    -inf    -inf    
-527.7255229341579    -1144.271293931215    -357.0026392244116    -576.313330508626    -394.3960967633485    -inf    -inf    
-556.6420423838715    -1144.3070120138173    -357.0383573070137    -576.3490485912281    -394.4318148459506    -inf    -inf    
-560.6822825378471    -1144.3427300964192    -357.0740753896158    -576.3847666738302    -394.4675329285527    -inf    -inf    
-560.7180006204644    -1144.3784481790212    -357.1097934722179    -576.4204847564323    -394.5032510111548    -inf    -inf    
-560.7537187030665    -1144.4141662616234    -357.14551155482    -576.4562028390344    -394.5389690937569    -inf    -inf    
-560.7894367856686    -1144.4498843442257    -357.1812296374221    -576.4919209216365    -394.574687176359    -inf    -inf    
-560.8251548682707    -1144.4856024268277    -357.2169477200242    -576.5276390042386    -394.6104052589611    -inf    -inf    
-560.8608729508728    -1144.5213205094296    -357.2526658026263    -576.5633570868407    -394.6461233415632    -inf    -inf    
-560.8965910334749    -1144.5570385920319    -357.2883838852284    -576.5990751694428    -394.6818414241653    -inf    -inf    
-560.932309116077    -1144.592756674634    -357.32410196783053    -576.6347932520449    -394.71755950676743    -inf    -inf    
-560.9680271986791    -1144.628474757236    -357.35982005043263    -576.670511334647    -394.75327758936953    -inf    -inf    
-561.0037452812812    -1144.664192839838    -357.39553813303473    -576.7062294172491    -394.78899567197163    -inf    -inf    
-561.0394633638833    -1144.6999109224403    -357.43125621563684    -576.7419474998512    -394.82471375457374    -inf    -inf    
-561.0751814464854    -1144.7356290050425    -357.46697429823894    -576.7776655824533    -394.86043183717584    -inf    -inf    
-561.1108995290875    -1144.7713470876445    -357.50269238084104    -576.8133836650554    -394.89614991977794    -inf    -inf    
-561.1466176116896    -1144.8070651702465    -357.53841046344314    -576.8491017476575    -394.93186800238004    -inf    -inf    
-561.1823356942917    -1144.8427832528487    -357.57412854604524    -576.8848198302596    -394.96758608498214    -inf    -inf    
-561.2180537768938    -1144.878501335451    -357.60984662864735    -576.9205379128617    -395.00330416758425    -inf    -inf    
-561.2537718594959    -1144.9142194180529    -357.64556471124945    -576.9562559954638    -395.03902225018635    -inf    -inf    
-561.289489942098    -1144.9499375006549    -357.68128279385155    -576.9919740780659    -395.07474033278845    -inf    -inf    
-561.3252080247001    -1144.985655583257    -357.71700087645365    -577.027692160668    -395.11045841539055    -inf    -inf    
-561.3609261073022    -1145.0213736658593    -357.75271895905576    -577.0634102432701    -395.14617649799266    -inf    -inf    
-561.3966441899044    -1145.0570917484613    -357.78843704165786    -577.0991283258722    -395.18189458059476    -inf    -inf    
-561.4323622725065    -1145.0928098310633    -357.82415512425996    -577.1348464084743    -395.21761266319686    -inf    -inf    
-561.4680803551086    -1145.1285279136655    -357.85987320686206    -577.1705644910764    -395.25333074579896    -inf    -inf    
-561.5037984377107    -1145.1642459962677    -357.89559128946416    -577.2062825736785    -395.28904882840106    -inf    -inf    
-561.5395165203128    -1145.1999640788697    -357.93130937206627    -577.2420006562807    -395.32476691100317    -inf    -inf    
-561.5752346029149    -1145.2356821614717    -357.96702745466837    -577.2777187388828    -395.36048499360527    -inf    -inf    
-561.610952685517    -1145.271400244074    -358.00274553727047    -577.3134368214849    -395.39620307620737    -inf    -inf    
-561.6466707681191    -1145.3071183266761    -358.0384636198726    -577.349154904087    -395.4319211588095    -inf    -inf    
-561.6823888507212    -1145.342836409278    -358.0741817024747    -577.3848729866891    -395.4676392414116    -inf    -inf    
-561.7181069333233    -1145.37855449188    -358.1098997850768    -577.4205910692912    -395.5033573240137    -inf    -inf    
-561.7538250159254    -1145.4142725744823    -358.1456178676789    -577.4563091518933    -395.5390754066158    -inf    -inf    
-561.7895430985275    -1145.4499906570845    -358.181335950281    -577.4920272344954    -395.5747934892179    -inf    -inf    
-561.8252611811296    -1145.4857087396865    -358.2170540328831    -577.5277453170975    -395.61051157182    -inf    -inf    
-561.8609792637317    -1145.5214268222885    -358.2527721154852    -577.5634633996996    -395.6462296544221    -inf    -inf    
-561.8966973463338    -1145.5571449048907    -358.2884901980873    -577.5991814823017    -395.6819477370242    -inf    -inf    
-561.9324154289359    -1145.592862987493    -358.3242082806894    -577.6348995649038    -395.7176658196263    -inf    -inf    
-561.968133511538    -1145.628581070095    -358.3599263632915    -577.6706176475059    -395.7533839022284    -inf    -inf    
-inf    -inf    -407.02226032552676    -455.0415669416327    -361.7098304505659    -inf    -inf    
-inf    -inf    -455.684594287762    -420.9980134899702    -361.77882332205286    -inf    -inf    
-inf    -inf    -504.3469282499973    -421.0670063614572    -361.8478161935398    -inf    -inf    
-inf    -inf    -553.0092622043489    -421.13599923294413    -361.91680906502677    -inf    -inf    
-inf    -inf    -571.7367344950345    -421.2049921044311    -361.9858019365137    -inf    -inf    
-inf    -inf    -571.8057273665215    -421.27398497591804    -362.0547948080007    -inf    -inf    
-inf    -inf    -571.8747202380085    -421.342977847405    -362.12378767948763    -inf    -inf    
-inf    -inf    -571.9437131094954    -421.41197071889195    -362.1927805509746    -inf    -inf    
-inf    -inf    -572.0127059809824    -421.4809635903789    -362.26177342246154    -inf    -inf    
-inf    -inf    -572.0816988524693    -421.54995646186586    -362.3307662939485    -inf    -inf    
-inf    -inf    -572.1506917239564    -421.6189493333528    -362.39975916543546    -inf    -inf    
-inf    -inf    -572.2196845954433    -421.68794220483977    -362.4687520369224    -inf    -inf    
-inf    -inf    -572.2886774669303    -421.7569350763267    -362.53774490840937    -inf    -inf    
-inf    -inf    -572.3576703384172    -421.8259279478137    -362.6067377798963    -inf    -inf    
-inf    -inf    -572.4266632099042    -421.89492081930064    -362.6757306513833    -inf    -inf    
-inf    -468.9493742422457    -1017.2760801860654    -365.3837808524854    -396.46217300208656    -inf    -inf    
-inf    -412.4382342754305    -1051.0625225367687    -365.42460284700564    -430.24861535278984    -inf    -inf    
-inf    -412.4790562699507    -1084.848964887472    -365.4654248415259    -464.0350577034931    -inf    -inf    
-inf    -412.51987826447095    -1118.6354072381753    -365.5062468360461    -497.8215000541964    -inf    -inf    
-inf    -412.5607002589912    -1152.4218495888786    -365.54706883056633    -531.6079424048976    -inf    -inf    
-inf    -412.6015222535114    -1186.2082919395798    -365.58789082508656    -558.5356411600052    -inf    -inf    
-inf    -412.64234424803163    -1213.1359906946873    -365.6287128196068    -558.5775139390271    -inf    -inf    
-inf    -412.68316624255186    -1213.1778634737093    -365.669534814127    -558.6183359335473    -inf    -inf    
-inf    -412.7239882370721    -1213.2186854682295    -365.71035680864725    -558.6591579280675    -inf    -inf    
-inf    -412.7648102315923    -1213.2595074627498    -365.7511788031675    -558.6999799225878    -inf    -inf    
-inf    -412.80563222611255    -1213.30032945727    -365.7920007976877    -558.740801917108    -inf    -inf    
-inf    -412.8464542206328    -1213.3411514517902    -365.83282279220793    -558.7816239116282    -inf    -inf    
-inf    -412.887276215153    -1213.3819734463104    -365.87364478672816    -558.8224459061485    -inf    -inf    
-inf    -412.92809820967324    -1213.4227954408307    -365.9144667812484    -558.8632679006687    -inf    -inf    
-inf    -412.96892020419347    -1213.463617435351    -365.9552887757686    -558.9040898951889    -inf    -inf    
-inf    -413.0097421987137    -1213.5044394298711    -365.99611077028885    -558.9449118897091    -inf    -inf    
-inf    -413.0505641932339    -1213.5452614243914    -366.0369327648091    -558.9857338842294    -inf    -inf    
-inf    -413.09138618775415    -1213.5860834189116    -366.0777547593293    -559.0265558787496    -inf    -inf    
-inf    -413.1322081822744    -1213.6269054134318    -366.11857675384954    -559.0673778732698    -inf    -inf    
-inf    -413.1730301767946    -1213.667727407952    -366.15939874836977    -559.1081998677901    -inf    -inf    
-inf    -413.21385217131484    -1213.7085494024723    -366.20022074289    -559.1490218623103    -inf    -inf    
-inf    -413.25467416583507    -1213.7493713969925    -366.2410427374102    -559.1898438568305    -inf    -inf    
-inf    -413.2954961603553    -1213.7901933915127    -366.28186473193045    -559.2306658513508    -inf    -inf    
-inf    -413.3363181548755    -1213.831015386033    -366.3226867264507    -559.271487845871    -inf    -inf    
-inf    -413.37714014939576    -1213.8718373805532    -366.3635087209709    -559.3123098403912    -inf    -inf    
-445.4619438234202    -934.3571902261621    -720.5056193907659    -545.6492323422686    -559.7149538899597    -inf    -inf    
-474.39686454406336    -1113.6429138474598    -448.1699940245227    -724.9349559094944    -593.8632182957111    -inf    -inf    
-503.3317852647065    -1292.9286374146855    -448.2057121071245    -775.8161701235908    -485.5991696460617    -inf    -inf    
-532.2667059853496    -1343.8098516287819    -448.2414301897266    -667.5521214739413    -485.63488772866344    -inf    -inf    
-561.2016267059927    -1235.5458029791325    -448.2771482723287    -667.587839556543    -485.67060581126555    -inf    -inf    
-590.1365474266357    -1235.5815210617343    -448.3128663549308    -667.6235576391451    -485.70632389386765    -inf    -inf    
-619.0714681472788    -1235.6172391443363    -448.3485844375329    -667.6592757217472    -485.74204197646975    -inf    -inf    
-647.9879875969924    -1235.6529572269383    -448.384302520135    -667.6949938043493    -485.77776005907185    -inf    -inf    
-652.0282277509683    -1235.6886753095405    -448.4200206027371    -667.7307118869514    -485.81347814167395    -inf    -inf    
-652.0639458335856    -1235.7243933921427    -448.4557386853392    -667.7664299695535    -485.84919622427606    -inf    -inf    
-652.0996639161878    -1235.7601114747447    -448.4914567679413    -667.8021480521556    -485.88491430687816    -inf    -inf    
-652.1353819987899    -1235.7958295573467    -448.5271748505434    -667.8378661347577    -485.92063238948026    -inf    -inf    
-652.171100081392    -1235.831547639949    -448.5628929331455    -667.8735842173598    -485.95635047208236    -inf    -inf    
-652.2068181639941    -1235.867265722551    -448.5986110157476    -667.909302299962    -485.99206855468447    -inf    -inf    
-652.2425362465962    -1235.902983805153    -448.6343290983497    -667.945020382564    -486.02778663728657    -inf    -inf    
-652.2782543291983    -1235.938701887755    -448.6700471809518    -667.9807384651662    -486.06350471988867    -inf    -inf    
-652.3139724118004    -1235.9744199703573    -448.70576526355393    -668.0164565477683    -486.0992228024908    -inf    -inf    
-652.3496904944025    -1236.0101380529595    -448.74148334615603    -668.0521746303704    -486.1349408850929    -inf    -inf    
-652.3854085770046    -1236.0458561355615    -448.77720142875813    -668.0878927129725    -486.170658967695    -inf    -inf    
-652.4211266596067    -1236.0815742181635    -448.81291951136023    -668.1236107955746    -486.2063770502971    -inf    -inf    
-652.4568447422088    -1236.1172923007657    -448.84863759396234    -668.1593288781767    -486.2420951328992    -inf    -inf    
-652.4925628248109    -1236.153010383368    -448.88435567656444    -668.1950469607788    -486.2778132155013    -inf    -inf    
-652.528280907413    -1236.18872846597    -448.92007375916654    -668.2307650433809    -486.3135312981034    -inf    -inf    
-652.5639989900151    -1236.224446548572    -448.95579184176864    -668.266483125983    -486.3492493807055    -inf    -inf    
-652.5997170726172    -1236.2601646311741    -448.99150992437075    -668.3022012085851    -486.3849674633076    -inf    -inf    
-652.6354351552193    -1236.2958827137763    -449.02722800697285    -668.3379192911872    -486.4206855459097    -inf    -inf    
-652.6711532378214    -1236.3316007963783    -449.06294608957495    -668.3736373737893    -486.4564036285118    -inf    -inf    
-652.7068713204235    -1236.3673188789803    -449.09866417217705    -668.4093554563914    -486.4921217111139    -inf    -inf    
-652.7425894030256    -1236.4030369615825    -449.13438225477915    -668.4450735389935    -486.527839793716    -inf    -inf    
-652.7783074856277    -1236.4387550441847    -449.17010033738126    -668.4807916215956    -486.5635578763181    -inf    -inf    
-652.8140255682298    -1236.4744731267867    -449.20581841998336    -668.5165097041977    -486.5992759589202    -inf    -inf    
-652.8497436508319    -1236.5101912093887    -449.24153650258546    -668.5522277867998    -486.6349940415223    -inf    -inf    
-652.885461733434    -1236.545909291991    -449.27725458518756    -668.5879458694019    -486.6707121241244    -inf    -inf    
-652.9211798160361    -1236.5816273745932    -449.31297266778967    -668.623663952004    -486.7064302067265    -inf    -inf    
-652.9568978986382    -1236.6173454571951    -449.34869075039177    -668.6593820346061    -486.7421482893286    -inf    -inf    
-652.9926159812403    -1236.6530635397971    -449.38440883299387    -668.6951001172082    -486.7778663719307    -inf    -inf    
-653.0283340638424    -1236.6887816223993    -449.420126915596    -668.7308181998103    -486.8135844545328    -inf    -inf    
-653.0640521464445    -1236.7244997050016    -449.4558449981981    -668.7665362824124    -486.8493025371349    -inf    -inf    
-653.0997702290466    -1236.7602177876036    -449.4915630808002    -668.8022543650145    -486.885020619737    -inf    -inf    
-653.1354883116487    -1236.7959358702055    -449.5272811634023    -668.8379724476166    -486.9207387023391    -inf    -inf    
-653.1712063942508    -1236.8316539528078    -449.5629992460044    -668.8736905302187    -486.9564567849412    -inf    -inf    
-653.2069244768529    -1236.86737203541    -449.5987173286065    -668.9094086128208    -486.9921748675433    -inf    -inf    
-653.242642559455    -1236.903090118012    -449.6344354112086    -668.9451266954229    -487.02789295014543    -inf    -inf    
-653.2783606420571    -1236.938808200614    -449.6701534938107    -668.980844778025    -487.06361103274753    -inf    -inf    
-653.3140787246592    -1236.9745262832162    -449.7058715764128    -669.0165628606271    -487.09932911534963    -inf    -inf    
-inf    -inf    -498.36820553864806    -546.387512154754    -453.0557756636872    -inf    -inf    
-inf    -inf    -547.0305395008834    -512.3439587030915    -453.12476853517416    -inf    -inf    
-inf    -inf    -595.6928734631186    -512.4129515745785    -453.1937614066611    -inf    -inf    
-inf    -inf    -644.3552074174703    -512.4819444460654    -453.26275427814807    -inf    -inf    
-inf    -inf    -663.0826797081558    -512.5509373175523    -453.331747149635    -inf    -inf    
-inf    -inf    -663.1516725796429    -512.6199301890393    -453.400740021122    -inf    -inf    
-inf    -inf    -663.2206654511298    -512.6889230605263    -453.46973289260893    -inf    -inf    
-inf    -inf    -663.2896583226168    -512.7579159320132    -453.5387257640959    -inf    -inf    
-inf    -inf    -663.3586511941037    -512.8269088035001    -453.60771863558284    -inf    -inf    
-inf    -inf    -663.4276440655907    -512.8959016749872    -453.6767115070698    -inf    -inf    
-inf    -inf    -663.4966369370776    -512.9648945464742    -453.74570437855675    -inf    -inf    
-inf    -inf    -663.5656298085646    -513.0338874179611    -453.8146972500437    -inf    -inf    
-inf    -inf    -663.6346226800515    -513.102880289448    -453.88369012153066    -inf    -inf    
-inf    -inf    -663.7036155515385    -513.171873160935    -453.9526829930176    -inf    -inf    
-inf    -inf    -663.7726084230254    -513.240866032422    -454.0216758645046    -inf    -inf    
-inf    -560.2953194553671    -1108.622025399187    -456.7297260656067    -487.80811821520786    -inf    -inf    
-inf    -503.7841794885518    -1142.40846774989    -456.77054806012694    -521.5945605659111    -inf    -inf    
-inf    -503.825001483072    -1176.1949101005935    -456.81137005464717    -555.3810029166143    -inf    -inf    
-inf    -503.86582347759224    -1209.9813524512965    -456.8521920491674    -589.1674452673175    -inf    -inf    
-inf    -503.9066454721125    -1243.7677948019996    -456.89301404368763    -622.9538876180186    -inf    -inf    
-inf    -503.9474674666327    -1277.5542371527008    -456.93383603820786    -649.8815863731264    -inf    -inf    
-inf    -503.98828946115293    -1304.4819359078087    -456.9746580327281    -649.9234591521483    -inf    -inf    
-inf    -504.02911145567316    -1304.5238086868305    -457.0154800272483    -649.9642811466686    -inf    -inf    
-inf    -504.0699334501934    -1304.5646306813508    -457.05630202176854    -650.0051031411888    -inf    -inf    
-inf    -504.1107554447136    -1304.605452675871    -457.0971240162888    -650.045925135709    -inf    -inf    
-inf    -504.15157743923385    -1304.6462746703912    -457.137946010809    -650.0867471302292    -inf    -inf    
-inf    -504.1923994337541    -1304.6870966649115    -457.17876800532923    -650.1275691247495    -inf    -inf    
-inf    -504.2332214282743    -1304.7279186594317    -457.21958999984946    -650.1683911192697    -inf    -inf    
-inf    -504.27404342279453    -1304.768740653952    -457.2604119943697    -650.2092131137899    -inf    -inf    
-inf    -504.31486541731476    -1304.8095626484721    -457.3012339888899    -650.2500351083102    -inf    -inf    
-inf    -504.355687411835    -1304.8503846429924    -457.34205598341015    -650.2908571028304    -inf    -inf    
-inf    -504.3965094063552    -1304.8912066375126    -457.3828779779304    -650.3316790973506    -inf    -inf    
-inf    -504.43733140087545    -1304.9320286320328    -457.4236999724506    -650.3725010918708    -inf    -inf    
-inf    -504.4781533953957    -1304.972850626553    -457.46452196697084    -650.4133230863911    -inf    -inf    
-inf    -504.5189753899159    -1305.0136726210733    -457.50534396149106    -650.4541450809113    -inf    -inf    
-inf    -504.55979738443614    -1305.0544946155935    -457.5461659560113    -650.4949670754315    -inf    -inf    
-inf    -504.60061937895637    -1305.0953166101137    -457.5869879505315    -650.5357890699518    -inf    -inf    
-inf    -504.6414413734766    -1305.136138604634    -457.62780994505175    -650.576611064472    -inf    -inf    
-inf    -504.6822633679968    -1305.1769605991542    -457.668631939572    -650.6174330589922    -inf    -inf    
-inf    -504.72308536251705    -1305.2177825936744    -457.7094539340922    -650.6582550535124    -inf    -inf    
-536.8078890365415    -1025.7031354392834    -811.8515646038871    -636.9951775553899    -651.0608991030809    -inf    -inf    
-565.7428097571845    -1204.988859060581    -539.515939237644    -816.2809011226157    -685.2091635088324    -inf    -inf    
-594.6777304778276    -1384.274582627807    -539.5516573202459    -867.1621153367121    -576.945114859183    -inf    -inf    
-623.6126511984706    -1435.1557968419033    -539.587375402848    -758.8980666870627    -576.9808329417849    -inf    -inf    
-652.5475719191137    -1326.891748192254    -539.6230934854501    -758.9337847696646    -577.016551024387    -inf    -inf    
-681.4824926397567    -1326.9274662748558    -539.6588115680522    -758.9695028522667    -577.0522691069891    -inf    -inf    
-710.4174133603998    -1326.963184357458    -539.6945296506543    -759.0052209348688    -577.0879871895912    -inf    -inf    
-739.3339328101134    -1326.99890244006    -539.7302477332564    -759.0409390174709    -577.1237052721933    -inf    -inf    
-743.3741729640898    -1327.034620522662    -539.7659658158585    -759.076657100073    -577.1594233547954    -inf    -inf    
-743.4098910467071    -1327.0703386052642    -539.8016838984606    -759.1123751826751    -577.1951414373975    -inf    -inf    
-743.4456091293092    -1327.1060566878664    -539.8374019810627    -759.1480932652772    -577.2308595199996    -inf    -inf    
-743.4813272119113    -1327.1417747704684    -539.8731200636648    -759.1838113478793    -577.2665776026017    -inf    -inf    
-743.5170452945134    -1327.1774928530704    -539.9088381462669    -759.2195294304814    -577.3022956852038    -inf    -inf    
-743.5527633771155    -1327.2132109356726    -539.944556228869    -759.2552475130835    -577.3380137678059    -inf    -inf    
-743.5884814597176    -1327.2489290182748    -539.9802743114711    -759.2909655956856    -577.373731850408    -inf    -inf    
-743.6241995423197    -1327.2846471008768    -540.0159923940732    -759.3266836782877    -577.4094499330101    -inf    -inf    
-743.6599176249218    -1327.3203651834788    -540.0517104766753    -759.3624017608898    -577.4451680156122    -inf    -inf    
-743.6956357075239    -1327.356083266081    -540.0874285592774    -759.3981198434919    -577.4808860982143    -inf    -inf    
-743.731353790126    -1327.3918013486832    -540.1231466418795    -759.433837926094    -577.5166041808164    -inf    -inf    
-743.7670718727281    -1327.4275194312852    -540.1588647244816    -759.4695560086961    -577.5523222634185    -inf    -inf    
-743.8027899553302    -1327.4632375138872    -540.1945828070837    -759.5052740912982    -577.5880403460206    -inf    -inf    
-743.8385080379323    -1327.4989555964894    -540.2303008896859    -759.5409921739003    -577.6237584286228    -inf    -inf    
-743.8742261205344    -1327.5346736790916    -540.266018972288    -759.5767102565025    -577.6594765112249    -inf    -inf    
-743.9099442031365    -1327.5703917616936    -540.30173705489    -759.6124283391046    -577.695194593827    -inf    -inf    
-743.9456622857386    -1327.6061098442956    -540.3374551374922    -759.6481464217067    -577.730912676429    -inf    -inf    
-743.9813803683408    -1327.6418279268978    -540.3731732200943    -759.6838645043088    -577.7666307590312    -inf    -inf    
-744.0170984509429    -1327.6775460095    -540.4088913026964    -759.7195825869109    -577.8023488416333    -inf    -inf    
-744.052816533545    -1327.713264092102    -540.4446093852985    -759.755300669513    -577.8380669242354    -inf    -inf    
-744.0885346161471    -1327.748982174704    -540.4803274679006    -759.7910187521151    -577.8737850068375    -inf    -inf    
-744.1242526987492    -1327.7847002573062    -540.5160455505027    -759.8267368347172    -577.9095030894396    -inf    -inf    
-744.1599707813513    -1327.8204183399084    -540.5517636331048    -759.8624549173193    -577.9452211720417    -inf    -inf    
-744.1956888639534    -1327.8561364225104    -540.5874817157069    -759.8981729999214    -577.9809392546438    -inf    -inf    
-744.2314069465555    -1327.8918545051124    -540.623199798309    -759.9338910825235    -578.0166573372459    -inf    -inf    
-744.2671250291576    -1327.9275725877146    -540.6589178809111    -759.9696091651256    -578.052375419848    -inf    -inf    
-744.3028431117597    -1327.9632906703168    -540.6946359635132    -760.0053272477277    -578.0880935024501    -inf    -inf    
-744.3385611943618    -1327.9990087529188    -540.7303540461153    -760.0410453303298    -578.1238115850522    -inf    -inf    
-744.3742792769639    -1328.0347268355208    -540.7660721287174    -760.0767634129319    -578.1595296676543    -inf    -inf    
-744.409997359566    -1328.070444918123    -540.8017902113195    -760.112481495534    -578.1952477502564    -inf    -inf    
-744.4457154421681    -1328.1061630007252    -540.8375082939216    -760.1481995781361    -578.2309658328585    -inf    -inf    
-744.4814335247702    -1328.1418810833272    -540.8732263765237    -760.1839176607382    -578.2666839154606    -inf    -inf    
-744.5171516073723    -1328.1775991659292    -540.9089444591258    -760.2196357433403    -578.3024019980627    -inf    -inf    
-744.5528696899744    -1328.2133172485314    -540.9446625417279    -760.2553538259424    -578.3381200806648    -inf    -inf    
-744.5885877725765    -1328.2490353311337    -540.98038062433    -760.2910719085445    -578.3738381632669    -inf    -inf    
-744.6243058551786    -1328.2847534137356    -541.0160987069321    -760.3267899911466    -578.409556245869    -inf    -inf    
-744.6600239377807    -1328.3204714963376    -541.0518167895342    -760.3625080737487    -578.4452743284711    -inf    -inf    
-inf    -inf    -589.7141507517695    -637.7334573678754    -544.4017208768087    -inf    -inf    
-inf    -inf    -638.3764847140047    -603.6899039162131    -544.4707137482956    -inf    -inf    
-inf    -inf    -687.03881867624    -603.7588967877    -544.5397066197825    -inf    -inf    
-inf    -inf    -735.7011526305917    -603.8278896591869    -544.6086994912694    -inf    -inf    
-inf    -inf    -754.4286249212771    -603.8968825306738    -544.6776923627563    -inf    -inf    
